198.563	3.453551563
204.0222749	3.450371807
209.6316467	3.446539309
215.3952421	3.442773478
221.3173013	3.43862612
227.4021812	3.434322652
233.6543582	3.429708933
240.078432	3.425051692
246.6791289	3.420099041
253.4613047	3.415014859
260.4299491	3.409201343
267.5901889	3.403721431
274.9472918	3.397791912
282.5066702	3.391660518
290.2738855	3.384890215
298.254652	3.378233519
306.4548411	3.371096707
314.8804855	3.363812397
323.5377839	3.355805337
332.4331053	3.347518444
341.572994	3.339238912
350.9641741	3.3300976
360.6135544	3.320941133
370.5282341	3.311051836
380.7155071	3.300944485
391.1828682	3.290220974
401.9380181	3.278983311
412.9888692	3.267630786
424.3435515	3.255443637
436.0104185	3.243000076
447.9980533	3.230051659
460.3152753	3.21655451
472.9711459	3.202064164
485.974976	3.187679697
499.3363324	3.172462125
513.0650448	3.156761153
527.1712133	3.14038085
541.6652156	3.123193425
556.5577148	3.105936393
571.8596673	3.087727006
587.5823303	3.068571619
603.737271	3.049311131
620.3363742	3.02922389
637.3918519	3.008621317
654.9162515	2.987176801
672.9224655	2.964908583
691.4237409	2.942244678
710.4336888	2.918884436
729.9662947	2.894918349
750.0359285	2.870282164
770.6573551	2.844988661
791.8457456	2.819255749
813.6166879	2.792542107
835.9861988	2.76543557
858.9707351	2.737535998
882.5872064	2.709108758
906.8529871	2.680255424
931.7859292	2.650958281
957.4043755	2.620663039
983.7271733	2.590207262
1010.773688	2.559114647
1038.563817	2.527812146
1067.118006	2.495593917
1096.457262	2.463407141
1126.603168	2.430197555
1157.577904	2.397348035
1189.404256	2.363826742
1222.10564	2.329893914
1255.706113	2.29612159
1290.230394	2.261552266
1325.703883	2.227111998
1362.152678	2.191951708
1399.603592	2.157706606
1438.084179	2.122414769
1477.622748	2.08723992
1518.248388	2.052333042
1559.990985	2.017541692
1602.88125	1.981784504
1646.950736	1.946991529
1692.231865	1.912369341
1738.75795	1.877137382
1786.56322	1.842296767
1835.682843	1.807777523
1886.152957	1.773614513
1938.010693	1.739236241
1991.294201	1.704924181
2046.042681	1.671579002
2102.296412	1.637988906
2160.096778	1.604742434
2219.486302	1.571776234
2280.508678	1.539037389
2343.208797	1.507101492
2407.632789	1.475276883
2473.828048	1.443889627
2541.843275	1.412521425
2611.728507	1.382192574
2683.535157	1.352039171
2757.316054	1.32201202
2833.125476	1.292652767
2911.019197	1.263702018
2991.054522	1.235302353
3073.290331	1.207146666
3157.787124	1.179641845
3244.607066	1.152515176
3333.814028	1.126074424
3425.473639	1.1001034
3519.653332	1.074195584
3616.422393	1.049216965
3715.852016	1.024279435
3818.015348	1.000042275
3922.98755	0.976696604
4030.84585	0.953230371
4141.669597	0.930474638
4255.540323	0.908135074
4372.541802	0.886227419
4492.760109	0.864642477
4616.283689	0.843239484
4743.203417	0.823043574
4873.612664	0.802754675
5007.607373	0.783263925
5145.286122	0.764073695
5286.750199	0.744953343
5432.103678	0.726719565
5581.453493	0.708879403
5734.90952	0.691354552
5892.584655	0.673924982
6054.594897	0.657203319
6221.059435	0.640419844
6392.100736	0.624687687
6567.844632	0.609111729
6748.420416	0.593557172
6933.960937	0.578868794
7124.602693	0.563809195
7320.485939	0.549867159
7521.754782	0.536080017
7728.557294	0.522510545
7941.045618	0.508785666
8159.376079	0.49564249
8383.709299	0.483291461
8614.210319	0.471045898
8851.048714	0.459061351
9094.398726	0.447348885
9344.439382	0.436099332
9601.354637	0.424877612
9865.333498	0.413924009
10136.57017	0.402582006
10415.26421	0.392553557
10701.62063	0.382593373
10995.85012	0.373128256
11298.16912	0.363707487
11608.80006	0.354194514
11927.97146	0.344842778
12255.91814	0.335944443
12592.88135	0.327071653
12939.109	0.318539373
13294.85581	0.310464322
13660.38349	0.302466459
14035.96096	0.294710451
14421.86453	0.287043596
14818.3781	0.279864381
15225.79337	0.272099666
15644.41009	0.265239034
16074.53623	0.258225741
16516.48822	0.251242452
16970.5912	0.245000694
17437.17925	0.238604434
17916.59563	0.232224962
18409.19305	0.226780385
18915.3339	0.220734361
19435.39055	0.214608074
19969.74559	0.208992669
20518.79215	0.203919613
21082.93415	0.19805414
21662.58662	0.193664091
22258.17601	0.187646337
22870.14048	0.182722906
23498.93026	0.177817432
24145.00793	0.17297202
24808.84881	0.168643969
25490.94128	0.163670365
26191.78714	0.160265657
26911.902	0.15585063
27651.81563	0.151394965
28412.0724	0.147463711
29193.2316	0.143510368
29995.86793	0.139608134
30820.57187	0.136716955
31667.95016	0.132836908
32538.6262	0.129172839
33433.24054	0.12580989
34352.45132	0.122230642
35296.93482	0.119301081
36267.38586	0.116130384
37264.51841	0.113623149
38289.06604	0.110119236
39341.7825	0.106894177
40423.44226	0.105208335
41534.84108	0.100977347
42676.79662	0.099021218
43850.14898	0.096686186
45055.7614	0.093796025
46294.52083	0.090669
47567.33861	0.087612871
48875.15114	0.085404798
50218.92056	0.08350379
51599.63546	0.083031894
53018.31163	0.078979379
54475.99277	0.076445093
55973.75127	0.075134445
57512.68902	0.073553911
59093.9382	0.071076876
60718.66212	0.069420995
62388.05606	0.067703325
64103.34818	0.065823969
65865.80041	0.064395293
67676.70935	0.062296243
69537.40728	0.060145296
71449.26308	0.058852118
73413.6833	0.057565985
75432.11312	0.055529911
77506.03748	0.05429656
79636.98215	0.052839682
81826.51485	0.052062372
84076.24637	0.049722077
86387.83183	0.049100826
88762.97183	0.048262172
91203.41374	0.046162612
93710.95296	0.04529464
96287.43425	0.043337647
98934.75312	0.042722398
101654.8571	0.042556606
104449.7475	0.039300898
107321.4803	0.040088105
110272.1684	0.037302541
113303.9824	0.036948648
116419.1528	0.035456982
119619.9715	0.034513061
122908.7932	0.034170347
126288.0376	0.033689422
129760.1906	0.032373568
133327.8067	0.031243407
136993.5105	0.030063482
140759.9989	0.028871926
144630.0429	0.029348363
148606.4895	0.029143311
152692.2642	0.028149922
156890.3728	0.026590135
161203.9039	0.026262287
165636.0309	0.024492834
170190.0144	0.02466412
174869.2048	0.024280796
179677.0445	0.023440928
184617.0705	0.022521049
189692.9171	0.022196627
194908.3187	0.021343393
200267.1121	0.020374118
205773.2398	0.019338088
211430.7525	0.020550737
217243.8123	0.019185427
223216.696	0.018514895
229353.7976	0.017701045
235659.6322	0.017939722
242138.8389	0.017395744
248796.1844	0.016722661
255636.5664	0.015833381
262665.0173	0.015235497
269886.7079	0.014324535
277306.951	0.013780109
284931.2057	0.012434829
292765.081	0.013122839
300814.3403	0.013718716
309084.9052	0.012466984
317582.8604	0.012260463
326314.4577	0.011806168
335286.1207	0.012002388
344504.45	0.01139492
353976.2272	0.011255435
363708.4208	0.011057135
373708.1904	0.011353322
383982.8929	0.009807353
394540.0872	0.009565517
405387.5402	0.009826039
416533.2322	0.00986159
427985.3629	0.00926488
439752.3576	0.008375346
451842.873	0.008210804
464265.8041	0.009003393
477030.2902	0.007917811
490145.7221	0.007804148
503621.7486	0.007549879
517468.2839	0.007592314
531695.5147	0.007381488
546313.9078	0.006932393
561334.2178	0.007391158
576767.495	0.008118604
592625.0935	0.007380871
608918.6795	0.007837158
625660.24	0.007673343
642862.0916	0.007896614
660536.8895	0.008109327
678697.6369	0.008003602
697357.6943	0.008330834
716530.7899	0.009214033
736231.029	0.009063814
756472.9048	0.009702983
777271.3092	0.00992935
798641.5431	0.010525451
820599.3286	0.01050217
843160.8196	0.010615551
866342.6144	0.011426796
890161.7676	0.012219683
914635.8026	0.012816311
939782.7247	0.013753523
965621.0343	0.014053937
992169.7403	0.015123312
1019448.374	0.015317333
1047477.005	0.016678454
1076276.252	0.017040452
1105867.303	0.018074084
1136271.929	0.019257847
1167512.497	0.020280668
1199611.99	0.020826429
1232594.024	0.021990646
1266482.864	0.023094373
1301303.44	0.024368577
1337081.371	0.025834097
1373842.977	0.027301899
1411615.304	0.028344675
1450426.14	0.029877399
1490304.038	0.031538867
1531278.335	0.03307192
1573379.177	0.034930327
1616637.536	0.036597585
1661085.236	0.038454556
1706754.978	0.040489062
1753680.361	0.042658233
1801895.905	0.044590158
1851437.084	0.047213289
1902340.345	0.049802557
1954643.135	0.052589938
2008383.934	0.055797959
2063602.278	0.058549498
2120338.79	0.062058243
2178635.212	0.065358565
2238534.431	0.069282207
2300080.514	0.073533179
2363318.74	0.077146783
2428295.633	0.081865533
2495058.995	0.085740003
2563657.943	0.090711546
2634142.946	0.096042874
2706565.857	0.101225841
2780979.958	0.106969288
2857439.994	0.11330704
2936002.216	0.120077561
3016724.422	0.127379993
3099665.997	0.135180591
3184887.961	0.143035488
3272453.011	0.151241953
3362425.567	0.160743659
3454871.821	0.17030956
3549859.785	0.180606394
3647459.34	0.191545511
3747742.29	0.203598494
3850782.411	0.215975458
3956655.508	0.229761161
4065439.472	0.244670743
4177214.333	0.260498968
4292062.324	0.277332821
4410067.935	0.296008171
4531317.983	0.315798524
4655901.67	0.336856653
4783910.651	0.36051126
4915439.1	0.385961934
5050583.782	0.413779536
5189444.12	0.443547004
5332122.274	0.477108976
5478723.208	0.513670011
5629354.777	0.554517111
5784127.799	0.59870945
5943156.136	0.648154711
6106556.786	0.703512267
6274449.961	0.765780102
6446959.176	0.836460216
6624211.346	0.916768455
6806336.872	1.009170474
6993469.743	1.117124176
7185747.63	1.242359403
7383311.989	1.391436042
7586308.166	1.570584051
7794885.504	1.787327394
8009197.451	2.058268377
8229401.672	2.402230023
8455660.17	2.854674727
8688139.401	3.474294405
8927010.397	4.372630169
9172448.893	5.780113174
9424635.455	8.284895705
9683755.613	13.79471388
9950000	29.81804533
